19
79 88 62 63 73 72 93 88 74
5.71 9.69 6.89 5.75 11.72 5.72 8.4 10.31 13.57
73 99 63 96 99 94 73 68 64
8.96 2.99 13.73 11.81 11.34 8.73 4.31 7.33 3.02
82 94 63 64 72 87 89 82 95
8.02 13.95 11.08 7.35 5.33 7.54 5.11 6.01 2.99
85 85 86 75 63 75 88 73 91
4.34 4.41 2.67 12.33 7.28 11.65 9.97 5.55 7.04
94 87 71 90 69 82 89 88 73
13.71 12.82 13.13 9.16 11.48 7.93 7.53 7.28 12.34
90 71 83 92 91 89 65 61 77
10.29 9.61 7.86 4.06 12.32 6.38 6.36 7.33 3.43
80 84 60 70 61 95 87 82 89
9.12 12.73 9.73 5.28 4.76 4.41 4.87 3.87 5.18
92 97 64 63 89 89 99 79 97
7.21 8.38 12.07 11.22 6.6 7.53 4.37 14.45 7.81
71 87 81 70 71 81 84 98 66
11.93 10.69 2.97 13.46 4.26 4.55 12.95 3.2 6.32
98 88 83 98 74 87 75 90 72
12.49 9.18 3.64 10.97 11.48 6.45 11.01 11.03 3.01
82 90 90 84 86 87 71 78 72
3.22 12.37 11.11 5.22 4.07 12.11 4.52 4.01 13.69
85 65 71 89 96 60 90 67 88
6.96 8.01 8.53 12.75 13.93 11.34 5.53 12.53 12.14
64 84 74 71 62 83 67 70 82
8.75 5.25 8.34 11.58 5.45 6.28 13.88 9.02 6.54
95 65 83 87 98 66 68 86 98
7.78 6.93 2.65 5.05 12.21 5.82 11.37 10.46 5.56
71 82 99 69 77 72 60 67 96
6.75 3.44 3.77 11.97 8.89 10.95 3.78 4.19 6.21
69 83 93 69 85 77 86 89 64
6.77 8.1 3.61 8.08 12.81 4.82 11.4 8.44 3.42
81 72 73 84 79 97 60 69 89
13.99 4.29 5.68 9.39 14.15 4.15 5.62 14.05 12.67
96 64 66 98 64 85 67 78 80
5.05 10.73 13.35 4.54 6.98 8.97 8.49 8.92 6.73
78 85 69 90 69 86 85 97 83
12.13 13.11 5.2 13.39 3.55 9.36 13.5 4.95 14.07



76.89 81.00 80.89 80.11 82.56 79.89 78.67 85.44 78.78 85.00 82.22 79.00 73.00 82.89 77.00 79.44 78.22 77.56 82.44
8.64 8.02 7.49 7.25 10.60 7.52 6.66 8.85 7.81 8.81 7.81 10.19 8.34 7.54 6.66 7.49 9.33 8.20 9.92
sumamente apto 9
moderadamente apto 9
marginalmente apto 1
no apto 0